7 0.23125 0.16015625 0.1234375 0.1140625
8 0.54921875 0.17890625 0.309375 0.09375
14 0.81875 0.19765625 0.090625 0.05234375
4 0.18125 0.39765625 0.1171875 0.0265625
9 0.28046875 0.40234375 0.03515625 0.03125
9 0.31640625 0.3984375 0.03203125 0.0296875
9 0.3578125 0.39140625 0.03359375 0.03203125
9 0.42109375 0.39296875 0.03203125 0.03125
2 0.528125 0.3859375 0.0640625 0.05546875
0 0.62734375 0.3875 0.0765625 0.065625
11 0.7296875 0.3625 0.084375 0.13359375
12 0.834375 0.39453125 0.0734375 0.05234375
15 0.26015625 0.55546875 0.17734375 0.04921875
5 0.465625 0.53125 0.17890625 0.11015625
10 0.71875 0.53828125 0.1875 0.109375
1 0.30546875 0.728125 0.209375 0.0515625
13 0.5421875 0.70703125 0.1296875 0.15703125
3 0.73203125 0.72265625 0.20390625 0.10625