13 0.6765625 0.1390625 0.1359375 0.16328125
8 0.22265625 0.1921875 0.31953125 0.0984375
1 0.70625 0.39296875 0.2109375 0.06640625
2 0.47734375 0.35078125 0.08046875 0.059375
5 0.17578125 0.375 0.18359375 0.1125
7 0.353125 0.478125 0.1375 0.121875
0 0.478125 0.52734375 0.08359375 0.0734375
4 0.6953125 0.54140625 0.13515625 0.03203125
10 0.66796875 0.68359375 0.2015625 0.11640625
3 0.46796875 0.64296875 0.196875 0.1
14 0.18671875 0.60859375 0.10234375 0.05703125
15 0.246875 0.73828125 0.18359375 0.05859375
6 0.796875 0.77734375 0.1734375 0.0625