7 0.76875 0.16015625 0.1234375 0.1140625
8 0.45078125 0.17890625 0.309375 0.09375
14 0.18125 0.19765625 0.090625 0.05234375
4 0.81875 0.39765625 0.1171875 0.0265625
9 0.71953125 0.40234375 0.03515625 0.03125
9 0.68359375 0.3984375 0.03203125 0.0296875
9 0.6421875 0.39140625 0.03359375 0.03203125
9 0.57890625 0.39296875 0.03203125 0.03125
2 0.471875 0.3859375 0.0640625 0.05546875
0 0.37265625 0.3875 0.0765625 0.065625
11 0.2703125 0.3625 0.084375 0.13359375
12 0.165625 0.39453125 0.0734375 0.05234375
15 0.73984375 0.55546875 0.17734375 0.04921875
5 0.534375 0.53125 0.17890625 0.11015625
10 0.28125 0.53828125 0.1875 0.109375
1 0.69453125 0.728125 0.209375 0.0515625
13 0.4578125 0.70703125 0.1296875 0.15703125
3 0.26796875 0.72265625 0.20390625 0.10625