14 0.85625 0.08828125 0.1078125 0.05859375
1 0.6734375 0.15703125 0.21484375 0.05546875
12 0.51328125 0.19921875 0.06796875 0.0515625
1 0.4046875 0.1515625 0.19296875 0.0984375
8 0.22109375 0.1921875 0.3171875 0.0984375
0 0.42421875 0.34765625 0.09765625 0.08203125
4 0.6375 0.29609375 0.14296875 0.040625
15 0.21796875 0.35625 0.1765625 0.06171875
2 0.775 0.41484375 0.08046875 0.065625
13 0.471875 0.50859375 0.13671875 0.15859375
11 0.1421875 0.509375 0.09296875 0.16015625
10 0.2140625 0.6421875 0.19921875 0.1140625
7 0.3703125 0.74921875 0.12109375 0.11640625
5 0.60546875 0.76171875 0.1671875 0.109375
6 0.7140625 0.63125 0.1734375 0.0609375