13 0.3234375 0.1390625 0.1359375 0.16328125
8 0.77734375 0.1921875 0.31953125 0.0984375
1 0.29375 0.39296875 0.2109375 0.06640625
2 0.52265625 0.35078125 0.08046875 0.059375
5 0.82421875 0.375 0.18359375 0.1125
7 0.646875 0.478125 0.1375 0.121875
0 0.521875 0.52734375 0.08359375 0.0734375
4 0.3046875 0.54140625 0.13515625 0.03203125
10 0.33203125 0.68359375 0.2015625 0.11640625
3 0.53203125 0.64296875 0.196875 0.1
14 0.81328125 0.60859375 0.10234375 0.05703125
15 0.753125 0.73828125 0.18359375 0.05859375
6 0.203125 0.77734375 0.1734375 0.0625