7 0.60390625 0.16796875 0.1328125 0.12734375
1 0.37265625 0.2015625 0.21484375 0.06328125
8 0.690625 0.3796875 0.3234375 0.10625
10 0.38203125 0.37265625 0.1953125 0.11953125
5 0.1734375 0.37109375 0.1734375 0.1125
13 0.54140625 0.51953125 0.134375 0.16015625
3 0.725 0.5203125 0.1953125 0.109375
14 0.278125 0.55234375 0.1 0.05859375
2 0.69453125 0.62734375 0.07421875 0.06171875
4 0.40703125 0.6515625 0.12421875 0.0359375
15 0.68984375 0.75703125 0.19140625 0.05546875
6 0.440625 0.74375 0.1734375 0.06484375
0 0.221875 0.74765625 0.0859375 0.0734375