4 0.21171875 0.19921875 0.1203125 0.0296875
7 0.3515625 0.15859375 0.13203125 0.12109375
15 0.5125 0.19140625 0.18203125 0.05546875
5 0.7421875 0.19140625 0.18125 0.1109375
0 0.20703125 0.39765625 0.08359375 0.06953125
9 0.27734375 0.40234375 0.03046875 0.0359375
9 0.31640625 0.4 0.0359375 0.03125
9 0.36328125 0.55078125 0.034375 0.02890625
9 0.87421875 0.41015625 0.03515625 0.034375
10 0.4203125 0.37421875 0.1890625 0.1109375
13 0.60703125 0.3390625 0.1421875 0.1578125
11 0.784375 0.3765625 0.0828125 0.13359375
6 0.23828125 0.546875 0.17734375 0.059375
1 0.496875 0.5421875 0.2109375 0.05546875
12 0.66875 0.5453125 0.0765625 0.05625
14 0.7921875 0.5421875 0.0953125 0.05234375
3 0.2125 0.71171875 0.19609375 0.10625
8 0.4890625 0.73828125 0.3140625 0.09453125
2 0.7703125 0.721875 0.0703125 0.0625