13 0.23359375 0.1453125 0.14609375 0.16015625
7 0.12890625 0.34453125 0.134375 0.12109375
11 0.13671875 0.51328125 0.1 0.1765625
10 0.21640625 0.6515625 0.1890625 0.11796875
8 0.44609375 0.75390625 0.32578125 0.109375
15 0.81796875 0.7328125 0.178125 0.05625
3 0.81484375 0.5375 0.19140625 0.11796875
0 0.6 0.6015625 0.0921875 0.08359375
2 0.38203125 0.565625 0.07421875 0.0609375
5 0.29453125 0.4296875 0.17578125 0.1078125
6 0.5296875 0.33203125 0.171875 0.0703125
4 0.65625 0.47578125 0.13046875 0.0390625
1 0.7578125 0.28359375 0.2234375 0.06328125
14 0.6140625 0.18046875 0.09375 0.05703125
12 0.50625 0.20234375 0.0765625 0.05234375