14 0.15234375 0.1015625 0.09921875 0.05546875
13 0.44921875 0.2078125 0.14140625 0.15859375
1 0.25546875 0.25234375 0.2171875 0.05703125
8 0.2625 0.38046875 0.31796875 0.0984375
6 0.57578125 0.31015625 0.171875 0.05546875
7 0.73203125 0.21484375 0.12890625 0.12578125
5 0.85703125 0.31953125 0.20390625 0.103125
12 0.90859375 0.12109375 0.07109375 0.06171875
15 0.409375 0.4640625 0.18359375 0.05234375
0 0.65546875 0.4046875 0.08671875 0.06953125
10 0.85703125 0.50625 0.21015625 0.11484375
2 0.6140625 0.5640625 0.08125 0.05703125
11 0.18671875 0.6390625 0.07734375 0.1375
5 0.54609375 0.71328125 0.18125 0.109375