7 0.39609375 0.16796875 0.1328125 0.12734375
1 0.62734375 0.2015625 0.21484375 0.06328125
8 0.309375 0.3796875 0.3234375 0.10625
10 0.61796875 0.37265625 0.1953125 0.11953125
5 0.8265625 0.37109375 0.1734375 0.1125
13 0.45859375 0.51953125 0.134375 0.16015625
3 0.275 0.5203125 0.1953125 0.109375
14 0.721875 0.55234375 0.1 0.05859375
2 0.30546875 0.62734375 0.07421875 0.06171875
4 0.59296875 0.6515625 0.12421875 0.0359375
15 0.31015625 0.75703125 0.19140625 0.05546875
6 0.559375 0.74375 0.1734375 0.06484375
0 0.778125 0.74765625 0.0859375 0.0734375