4 0.78828125 0.19921875 0.1203125 0.0296875
7 0.6484375 0.15859375 0.13203125 0.12109375
15 0.4875 0.19140625 0.18203125 0.05546875
5 0.2578125 0.19140625 0.18125 0.1109375
0 0.79296875 0.39765625 0.08359375 0.06953125
9 0.72265625 0.40234375 0.03046875 0.0359375
9 0.68359375 0.4 0.0359375 0.03125
9 0.63671875 0.55078125 0.034375 0.02890625
9 0.12578125 0.41015625 0.03515625 0.034375
10 0.5796875 0.37421875 0.1890625 0.1109375
13 0.39296875 0.3390625 0.1421875 0.1578125
11 0.215625 0.3765625 0.0828125 0.13359375
6 0.76171875 0.546875 0.17734375 0.059375
1 0.503125 0.5421875 0.2109375 0.05546875
12 0.33125 0.5453125 0.0765625 0.05625
14 0.2078125 0.5421875 0.0953125 0.05234375
3 0.7875 0.71171875 0.19609375 0.10625
8 0.5109375 0.73828125 0.3140625 0.09453125
2 0.2296875 0.721875 0.0703125 0.0625