2 0.8078125 0.20390625 0.06953125 0.05859375
1 0.63359375 0.203125 0.21640625 0.05859375
15 0.40703125 0.203125 0.1765625 0.05
4 0.22421875 0.21015625 0.115625 0.03125
3 0.3140625 0.36640625 0.1984375 0.1078125
13 0.5203125 0.353125 0.13046875 0.16015625
14 0.77421875 0.38671875 0.0984375 0.05546875
10 0.63046875 0.5265625 0.1984375 0.1109375
8 0.35 0.534375 0.31171875 0.0953125
0 0.79375 0.7296875 0.078125 0.0703125
6 0.62109375 0.7421875 0.17265625 0.06015625
5 0.425 0.725 0.16796875 0.1078125
7 0.24296875 0.7203125 0.13359375 0.1125